11
11
11
11
13
13
5
12
8
12
7
13
7
16
8
9
6
10
7
9
10
2
8
4
6
9
8
12
4
11
8
8
11
10
5
11
11
5
10
13
2
10
0
12
8
4
6
8
11
5
11
12
11
12
8
8
11
8
4
11
4
7
3
5
11
3
4
10
7
4
10
8
7
8
13
3
10
4
11
11
13
8
13
19
8
4
8
12
10
6
7
8
8
8
13
10
11
4
8
4
11
10
4
11
7
3
10
0
12
12
15
15
11
8
12
6
8
0
2
6
8
8
6
8
8
0
12
10
10
10
13
11
8
10
13
10
3
8
3
14
0
13
12
10
8
12
10
17
7
8
7
8
13
11
13
3
7
11
12
8
12
8
8
6
8
6
12
13
8
12
8
13
8
0
8
13
8
13
8
13
8
6
8
19
14
8
6
8
5
8
13
18
8
2
13
8
8
2
12
4
7
12
12
6
5
12
8
11
5
3
13
4
8
3
8
2
2
12
8
3
11
7
15
4
7
12
12
8
10
4
13
13
4
4
4
12
12
13
2
6
13
2
13
0
13
6
9
2
4
5
13
19
7
12
5
11
8
3
0
0
13
13
19
11
11
4
10
5
17
4
0
5
3
7
10
10
0
12
11
6
4
13
8
7
7
5
12
7
4
12
4
4
13
3
3
3
11
4
13
4
0
2
8
8
8
12
10
0
8
11
6
3
13
13
2
13
15
13
4
8
11
3
4
12
13
3
8
4
4
5
10
4
8
11
0
8
11
12
8
4
1
19
6
8
8
8
13
12
13
12
12
13
8
8
12
12
11
7
8
8
4
4
3
3
2
3
13
5
12
11
12
12
5
13
8
12
13
13
6
6
13
8
2
6
2
8
8
3
7
5
12
8
3
8
12
2
3
12
7
11
11
11
13
7
2
11
4
12
11
8
8
8
3
12
6
7
0
6
13
8
12
5
11
13
13
0
3
8
12
11
0
8
15
14
3
1
3
4
4
11
12
12
10
6
13
14
12
0
7
7
13
10
2
0
4
8
8
8
4
2
2
12
5
8
13
8
8
0
19
2
2
13
0
0
4
13
4
4
8
4
12
0
11
3
11
5
12
10
12
10
13
11
3
12
3
8
10
12
13
6
3
0
13
8
8
9
9
0
0
13
13
7
4
0
4
0
4
4
8
8
12
13
7
12
12
13
6
0
5
2
0
13
1
8
8
13
10
1
0
0
13
5
11
12
4
12
3
12
12
8
3
4
13
13
11
13
12
8
2
13
7
8
4
8
13
13
0
5
0
6
0
4
12
5
12
3
11
2
5
11
7
13
6
13
10
8
2
1
5
13
13
10
2
0
4
4
0
8
12
0
8
2
0
1
4
1
4
3
0
0
13
7
13
0
6
11
19
13
12
12
13
0
8
13
12
11
12
11
13
0
13
19
6
12
0
8
0
11
0
13
19
19
19
0
6
11
0
0
0
7
3
7
0
4
5
12
2
5
8
12
13
0
7
10
10
0
13
0
12
5
3
2
0
0
19
19
19
12
13
0
3
19
8
6
6
13
4
0
0
5
6
19
19
19
19
11
7
11
7
8
11
19
7
5
12
8
4
5
4
6
7
5
13
12
19
12
19
19
19
6
5
5
13
19
8
0
19
8
0
2
13
13
3
0
3
7
12
5
12
0
7
2
12
13
7
13
8
13
19
8
8
13
13
5
5
5
19
19
19
19
4
10
8
4
8
1
8
11
1
5
0
12
8
12
8
3
0
17
12
8
8
19
2
5
4
5
14
19
19
3
19
19
19
13
19
12
11
4
8
6
12
10
6
10
0
8
0
8
19
19
19
0
13
0
8
8
19
19
19
19
19
19
0
19
8
13
8
5
8
2
12
4
5
0
0
8
8
8
3
0
4
13
19
19
11
19
19
19
4
10
6
13
3
8
3
10
2
13
13
8
19
19
19
1
0
8
10
19
19
0
19
19
8
4
8
8
19
11
19
2
7
0
8
12
10
12
10
13
10
12
0
15
15
12
0
11
8
6
