902
1934
903
5010
1654
3819
952
2819
1256
3300
1807
4058
3687
1737
1800
4395
1565
3950
3898
3872
4805
4635
1709
1337
3197
3212
2038
1536
2868
2702
2901
3638
1208
2976
3122
1968
2590
2085
2892
2068
2857
1597
3195
3699
4968
1561
2882
2936
2182
3322
1444
1190
3335
3417
928
1515
2563
2595
3572
3437
1924
2189
4599
1957
3422
2218
4472
4519
1090
2611
1883
1293
3131
984
2870
2439
1601
1084
1594
4310
2810
1620
3332
2550
2683
2612
1203
2740
3450
1679
2543
4600
2284
4437
3627
2555
2469
2456
2084
1552
4312
3873
2183
4928
4314
3440
2455
1541
3742
4859
4051
3784
4221
2548
2871
1436
2869
4227
2134
1593
3682
2273
1134
3135
4689
2687
3798
3653
3815
3171
921
1585
3152
4416
1581
1630
3537
1698
3458
2194
2615
1961
3955
1285
4603
1218
2583
4814
3521
3820
1923
2774
4762
1072
2350
2888
3282
1874
2553
4247
3431
2513
3360
953
4691
2122
2863
4382
1135
3291
1346
3530
2638
3271
3732
4386
1838
3619
1195
2937
4114
3279
3276
1519
2900
2251
4043
1598
3923
3622
4728
3574
4082
2685
3444
906
2496
979
3981
1530
3485
3639
2660
4008
3303
1133
2630
1528
2559
3447
2065
4331
4956
2778
1176
1650
4801
2680
4410
4826
3533
1329
3192
1998
2274
3762
1712
4461
2794
1488
3286
2145
2954
4631
4648
3756
2886
3822
4006
2613
3920
2463
2684
3746
4722
2744
2823
2520
4685
2226
4628
4226
1547
2430
4601
4441
1965
1571
3505
2636
3556
4070
2699
2703
1971
2289
1538
1445
1505
3199
3221
1542
2486
2815
1725
3036
2354
4330
3633
2522
4027
3489
4619
4497
2472
1501
4157
3338
1390
3038
2772
3629
1381
1057
2671
2940
3777
1363
2370
4682
4080
2470
4598
2846
2597
3496
4147
4407
4629
4646
1638
4026
977
4582
2860
4758
2175
2924
3602
3344
3019
3289
3616
4864
4877
4850
3550
3878
4867
1733
3145
1245
3162
3058
4161
3834
919
4165
3351
4187
4278
2649
2845
4136
2807
971
1104
4597
1002
4866
3416
3375
1544
3776
3854
3711
3184
3678
1550
3710
3740
5007
4979
3805
4127
2121
3406
4562
1629
4551
4905
1533
4326
3681
2170
2544
1595
4099
3004
3454
4049
3319
4932
3297
3068
4315
2582
4747
4825
2387
3903
2912
3606
4829
1846
2369
2890
3692
1537
3466
2730
2105
3105
2812
3298
3015
3471
3991
4448
1850
4304
2754
4279
4309
4842
3369
3443
4768
4131
1551
3874
4845
2751
2749
3333
924
3864
3186
2984
3475
4432
1062
1167
2985
3647
4133
1457
3658
3588
949
4935
3149
2919
2521
4288
3493
2673
3389
3807
3592
1464
2425
3374
4541
2533
4409
4920
2503
1578
4577
4418
2745
1728
4160
3676
4807
2431
4181
2864
2865
3679
2651
2910
4284
1966
3796
3401
3364
3487
2696
4252
4739
3626
1774
1596
4748
2686
2646
2694
2639
2609
2059
4017
4473
4774
3573
2866
2796
3970
4578
3249
3071
3248
4922
3488
4213
2424
3167
3054
3177
4057
1521
2669
3788
1356
4833
3387
2569
2748
4735
1523
2498
3112
2779
3354
4081
3953
4797
1490
2493
3240
2635
1199
3365
3328
2238
1246
4449
4198
4871
4869
2581
2706
2228
4024
4265
3281
3241
3251
4569
4436
3648
4098
4781
3479
1266
3623
2499
2728
3427
2957
1526
4855
1330
2120
1132
3612
2742
4756
3329
1927
1353
2620
2047
4402
2806
2005
2921
3555
4088
2782
4873
2465
1217
4697
2915
4700
2952
1382
2672
3362
1287
4609
4065
3786
3543
3570
2858
3275
3023
1221
4760
4838
4093
2970
3731
3702
1719
3381
1343
4186
1592
4798
3497
3685
3703
4617
2818
3719
3484
1946
2656
3180
3862
3832
3179
3114
2911
3337
3467
1580
4527
3265
1467
1562
2743
2665
3181
4810
3321
2761
1461
4602
4515
4146
3453
4514
4388
3327
2132
3173
1349
4780
3147
3123
3193
3313
2410
2855
2428
3198
3214
4327
3500
4236
4839
2237
3304
1377
2859
4007
3528
3027
4209
2549
4408
2473
2557
4029
3978
4010
3772
1322
2626
3168
4555
1600
4612
3911
3975
2839
4778
4639
3766
4228
3943
4387
4929
2927
1485
3891
2877
3801
4705
4334
4325
1471
4264
1417
1267
4711
4393
3385
4259
3480
4491
4100
2539
3613
1548
4223
2560
4663
1279
2677
3899
4478
1466
2891
2719
4727
4425
2739
2148
2562
4321
3397
4659
2848
3594
2461
3605
2832
4750
2501
3560
2895
4636
4322
3767
975
2364
1491
3693
3201
3839
3222
1760
3812
3506
1584
3148
3522
4204
3082
2479
3153
3154
1535
3151
4427
4426
3925
3841
3250
4262
4190
3965
2135
3357
1653
3285
3958
4122
4698
2881
4375
1147
4430
1470
4060
3024
2442
4540
4090
1522
4079
1568
3859
3690
4173
3887
3882
4704
1557
4377
3977
1582
3463
4482
4172
1028
1475
2577
4171
2723
1672
2385
2704
4754
3689
2209
2903
4556
1912
1503
2990
4234
1514
2670
3929
4584
4713
4837
4523
2509
3979
3607
4504
4560
3146
2149
1599
4606
4589
4118
1512
4701
4077
2808
1278
4553
4020
4138
3866
4380
2837
4130
4554
3070
3029
1310
4405
3893
4875
2777
4764
1370
3359
3510
3175
3806
2576
2705
2763
1332
1507
4507
2847
4796
3765
3770
3239
4332
1383
3063
3835
1504
3130
4933
1826
2603
4360
4428
4344
942
3091
912
1899
4379
4239
3823
1708
3166
1336
3677
3910
3751
3223
3716
3881
1805
3370
989
4623
3901
2286
3035
3889
1463
3295
3436
3296
2453
3318
2787
3926
3637
4467
3993
1394
4145
944
4346
1474
3844
3850
2965
4232
3875
1670
3811
1532
3100
1242
3056
3723
4235
4832
2252
3330
4743
1843
4348
1164
2153
3011
3989
1588
3738
1718
3460
3255
2471
3988
4106
3601
3076
3236
3196
2504
3645
2757
3657
3473
4035
4729
4863
3858
4397
943
1484
4545
1540
2932
2692
972
2690
4653
4559
3449
1734
2529
4868
3410
4253
3492
2667
3599
2131
4116
4802
4620
1527
3559
2994
4249
2645
4763
4978
4795
2898
4195
2676
4640
3163
3831
4217
3652
2593
2972
3724
3252
3062
1529
3725
4170
3092
1848
3994
2614
2826
3992
3905
4567
3348
3190
2546
3730
3230
4484
2528
3021
3512
4973
3504
3350
3904
2909
1656
956
4417
3735
2675
3774
3448
1509
4542
2606
4544
4294
3268
4155
1560
2983
3170
3188
1115
1405
3013
4583
4443
4442
1497
4831
4297
4341
4998
4749
4649
4872
3907
1587
3323
4214
4719
4827
3868
4650
4656
4865
3377
3439
2434
3846
3936
2554
2475
2801
3753
4091
1126
3115
3518
4016
4143
4368
3445
2567
3317
4462
3644
991
4586
4675
1510
3409
3205
2691
3172
2278
3388
1558
2879
2321
1483
3935
4834
4074
1613
4995
2650
4349
4381
3495
4960
3020
3853
4243
3539
4522
1225
3842
3683
3691
1652
1051
2780
2776
3104
2633
2357
4530
2789
4290
2345
3577
3060
2797
2464
2814
2588
2678
3042
1058
2524
3160
3161
3008
3913
2312
3686
1953
1401
3101
4808
3398
4277
3671
2619
3208
3085
3043
3204
3097
2930
2747
3968
4444
2271
4725
3722
4201
3366
2608
4874
3519
4034
3228
2953
2532
913
3697
4229
4844
1513
2604
4352
4694
1442
3119
2459
1556
3194
2596
2733
2349
4592
3312
4588
4499
4618
4525
4218
4686
1202
4716
994
937
2495
4412
4776
4723
3922
1447
2734
1119
3031
3274
2842
4821
4206
3631
2540
4148
2482
3419
4568
2700
4812
4044
1499
4306
2741
4307
1631
2884
3189
3408
3651
4271
4676
4311
4340
2083
4266
3426
3067
4222
2979
4241
2422
1665
3402
2718
3934
3856
2610
3049
4513
4250
3726
4240
2654
4789
2617
3386
4605
4494
3452
2876
4453
2552
2934
2941
2070
3053
4274
2621
4986
3695
3404
4179
3315
1050
3000
4403
2
2925
4830
2652
4604
2926
2995
2180
2732
3005
1591
3892
4215
4083
4423
1493
4651
2523
2506
2682
4828
3833
1486
3712
3655
1724
1569
2628
3670
4055
1372
2248
1539
3532
1038
2907
3380
2838
2627
2264
3108
4048
3785
2904
3287
4095
4688
4316
4824
3942
3211
3909
3061
3014
2713
4581
4362
2629
993
4455
3376
4566
1265
3576
4394
1534
3242
4300
2625
3044
3642
3032
4524
4149
3412
1664
3571
4921
2756
4607
3136
907
4028
3773
3127
3957
4549
3393
3133
3306
2908
1748
3649
1574
4005
4664
3646
3869
3001
3229
3055
4268
4458
4622
1248
1577
2535
4673
4661
2899
2478
2602
2752
2587
4699
3392
2573
2541
1183
2721
2097
4745
3129
4846
2786
4931
2104
4926
4851
3916
4506
3997
4878
3472
3273
1935
4861
4492
3428
4503
4040
4677
3174
3542
1563
3183
2126
1576
2913
4415
3301
3966
4579
4308
4718
4679
1972
4246
3843
4168
2460
4709
2564
3941
2897
3664
938
3307
2534
1583
3309
4124
2572
4245
3597
3414
3884
3423
3176
3867
3002
3033
3102
3206
3073
1163
4182
2878
4184
4257
3598
4634
3235
2688
3478
3984
2012
4471
1590
4440
3668
2978
4477
4154
4480
4667
2624
2462
3260
4614
2519
4474
3650
2136
2893
2896
3961
3982
3215
3169
3034
4196
2452
4285
4038
3818
4692
4373
4783
4313
3046
3745
2484
2366
2841
2920
4485
1494
2445
2448
1572
3895
3238
4652
2215
4509
2449
3483
3442
3451
3536
2999
4564
2657
4140
4447
3544
3233
1472
2561
3320
3701
2873
4033
2210
1206
4414
2969
4183
4420
3930
4421
1567
4320
2731
4464
4158
3680
4141
2975
4446
4521
3582
3305
2760
2762
2714
3743
3363
1921
2515
3566
3567
4721
2951
4767
3585
3635
3284
4052
1489
3880
4272
1731
2813
946
2570
4966
3814
4366
2781
3758
4152
1482
4870
3666
4510
1039
3120
4003
4337
2538
3665
4706
4785
3340
3793
3244
964
3552
1546
4359
2568
2784
3256
2993
3384
1851
3358
1564
3675
3593
1338
3084
4445
1743
4167
4856
4836
2821
4356
4546
2525
2575
3739
3865
4439
3836
3789
4803
2753
3609
2958
3290
3006
2511
4126
4483
3106
3625
935
4434
2938
3111
2766
3420
4059
4594
4064
4596
4465
3311
3803
3227
4199
4376
4120
2140
4216
4466
4848
932
4951
3848
4726
2805
4476
1575
2558
1478
4289
3990
2825
4742
3996
2929
3477
3501
2817
4595
1379
947
1213
4121
4538
4683
4757
4094
2768
3983
3259
3280
3261
4766
3538
3353
4854
3860
4384
2854
4193
4799
4736
2622
1335
2661
1710
2177
4339
3010
2658
2793
3134
3310
3513
3361
1270
4096
3927
4712
1387
1906
4072
2697
3948
3673
2916
3030
3294
4696
1082
2820
4123
2824
3257
1477
3456
1326
1842
3182
1863
3264
4624
4580
4202
3110
4930
4103
4305
1747
3138
4178
4755
2720
1663
2446
4561
4129
2389
4047
3674
2247
2695
2928
4270
3855
3219
1273
4174
4357
909
1662
3346
4104
3343
2967
4231
2717
3293
1506
3708
2722
4816
4372
3971
4401
4419
4406
4391
3464
4528
3095
941
910
2822
4068
4151
2545
1143
2556
1040
1476
2828
1462
4732
2647
2531
2530
3052
1648
2827
4633
2586
3779
4852
3713
4710
4963
4203
4615
2494
4188
3654
1277
3956
3517
2605
3586
4672
2856
4853
945
1323
4788
3225
4753
4369
908
4011
4819
2039
2875
2746
2542
4233
3871
3741
4299
3462
4590
4132
3396
3395
2758
1139
4338
2600
3045
1918
2508
4574
3620
3468
3624
4511
1545
4030
3558
3022
2707
4860
2589
1825
4115
4054
4765
4841
3938
4383
4429
2659
4840
3883
4862
3769
3470
3580
1460
3962
3826
3087
3231
2852
3579
3797
3516
3643
3051
4438
3578
3529
2736
3465
3628
3972
3457
3589
4358
4717
3763
4062
3113
4638
911
3262
3057
3421
4823
4283
1555
4207
4282
2640
4298
2566
4119
3737
4267
1351
3939
3508
4248
4230
3590
4404
4627
4468
4398
3390
3185
3411
4769
4389
3614
4741
2977
3237
4512
3863
3900
4791
2276
4451
3630
2788
3157
4593
2591
3399
4112
4128
2755
4490
1914
2963
3391
3816
3498
4110
3534
3545
3299
3164
4102
4109
4543
4328
4413
2516
3234
4809
3367
3879
1314
3373
4378
2947
2507
3851
3243
3791
2547
3829
3764
4224
4225
4142
4238
3331
1703
4319
3372
4318
4730
4804
3202
3749
1495
2981
3481
3203
4392
2902
4645
3700
3247
3355
3429
3525
3794
3126
2775
4351
4153
3932
3667
4324
2477
2631
3083
3727
1566
3618
4021
3808
4575
4086
3226
2474
4164
4811
4740
3509
3976
2942
1920
3849
4817
3802
3768
4076
4772
3325
4459
4200
2887
3718
4301
2311
4293
3541
4770
2666
4291
3441
4642
3535
4557
2816
3349
4647
4643
2634
4050
3088
2594
4345
2481
3608
3924
4355
3781
2933
1745
3078
4777
1498
3012
4367
4565
4037
3610
1261
2551
4857
2946
3775
3830
2798
2643
3093
3603
4687
4460
2662
3947
3755
2599
3973
4192
4773
3600
3734
3383
2664
3747
4784
2454
2809
3403
1520
3896
4396
3804
3908
4486
4242
4237
3099
4333
3587
987
3432
3952
1299
2802
4481
3720
4431
3520
2466
4771
3949
3140
2785
3714
3790
4159
4092
2939
3946
4775
1496
2836
3469
1543
2527
3705
1345
3413
2874
2601
3792
4323
2945
3729
3995
4004
4287
3378
3704
4671
4343
4347
2931
5003
3089
3098
3960
4516
4637
4792
2811
3103
3028
4779
4350
2510
3037
4335
2598
4041
1855
4002
3017
3048
2505
4000
2974
3780
1480
4185
4786
3490
2408
3809
2514
4046
3837
4496
4433
4435
3857
4822
3931
3461
4125
1500
1873
4071
2537
1987
4518
3782
3963
2518
4191
4261
982
2750
2982
3003
3435
3562
4927
3553
4036
2971
2992
1465
2512
3659
4025
4018
3459
3771
2217
3897
3810
3109
4487
4520
4571
3761
4611
3688
3581
4032
2791
4800
4015
3077
3217
2648
2835
3890
4150
2701
3018
3074
3424
3143
4734
3125
2889
3783
3142
4746
3040
4475
1296
3546
2679
2883
3039
4843
2783
4385
2353
2584
3072
3940
3640
3914
3041
3817
4212
2790
3266
4452
1806
4061
3347
3641
2574
4276
3368
926
4539
1570
4108
4536
3886
3253
3902
3246
2849
4273
2834
2987
2373
1158
2644
2833
4045
1999
2867
3787
3744
3918
3944
2693
3563
3974
2221
3845
4576
2579
4563
3757
2285
2767
2738
3270
2770
1549
2773
2851
4815
2862
3557
2935
4317
2655
4570
3418
3263
3269
2451
4526
4280
4849
4220
4500
4219
4275
3336
4813
1339
1487
4666
3998
2948
2955
2653
3144
2497
3272
4493
3656
3345
1516
2450
4714
3064
4087
4818
2526
3698
3191
3728
2592
3551
2961
2962
3912
2923
4660
4013
3267
3523
4302
4806
2799
3524
4370
3964
2578
3059
2356
3752
1502
4208
3400
2829
4733
3706
2585
3531
4422
3933
3178
1716
1559
1231
3799
2853
1525
3838
4858
4488
3760
4684
3503
4194
2681
4211
4463
3736
2488
4197
2637
4089
2641
3928
2885
3132
2698
4329
4365
4281
3047
4374
4039
4787
4632
3159
3224
4703
3945
4113
3967
4210
4508
4097
3611
2968
4251
4550
2689
2804
1298
3861
3308
3847
4517
2716
4244
4469
3165
4695
2973
4532
4053
4101
3075
3888
3277
3937
1978
4073
3096
3220
3595
3547
3985
2727
2708
4751
3482
2949
3919
4835
3561
4626
2216
4501
3118
3511
3921
1674
3969
4411
4690
3405
4630
3915
3324
1586
2536
4573
4162
2457
3959
1573
3917
4657
3715
4135
3748
2049
4534
3379
3455
3885
3621
4075
4502
3694
3486
4137
4078
4950
4336
3394
3476
2487
4641
3213
3200
4105
4117
4424
2729
4009
914
3876
2712
2305
1301
1824
4361
4535
4498
2709
1579
3615
4069
3795
2580
3721
2443
2489
3407
3128
3434
2346
2759
2795
2792
2565
4067
2918
4371
4591
3954
3141
4295
4587
4399
2123
2894
4625
4056
4156
3218
2980
4400
4944
3494
1933
4794
3840
2830
4744
2715
1554
4175
3116
4286
4907
4022
3709
4258
3278
2905
4457
3733
922
3759
3515
2906
4761
2491
4693
2880
3216
2956
3232
3016
3540
4644
4292
2668
2996
4847
2960
2632
3514
4548
4256
2765
3339
3575
3583
4654
3150
2950
1347
1531
4608
4793
3433
3507
1511
3137
3050
3207
4353
3750
3209
3870
2710
4390
3986
1365
2735
3502
4456
4613
2372
4019
3474
1481
1589
2444
2616
2944
2922
2840
2831
3258
4708
3491
3526
1088
4738
4260
3079
4669
4678
2642
3548
3549
905
4662
3662
3707
3283
4737
4189
4987
3824
3754
4205
4450
4479
4752
1903
3717
3634
4724
1518
3121
3987
2467
1294
3080
3980
3438
4139
3554
4454
2674
2843
3632
1469
4529
3852
4720
1473
4558
4254
3778
2711
4680
3025
3292
4134
3617
3415
3527
3326
4296
2663
4715
4707
3827
3696
4495
2850
3663
2844
2943
3828
3107
4531
4085
4111
3316
4759
2737
4342
4363
4674
4665
1295
3117
2502
3314
4263
2988
3081
2143
4364
2959
3604
3660
2917
3069
4489
4876
3569
3672
1479
2986
3661
2998
2803
3877
3584
3564
4470
4177
3565
4668
2607
2989
4001
4169
2571
2769
4616
3210
4042
1517
4505
2483
4547
2447
4537
3066
3156
3155
3382
4166
3158
4163
3009
3356
4552
3568
2468
2480
4658
1374
2872
4533
1553
4910
996
4084
3090
2476
4655
2500
3254
4023
4585
2490
4066
1492
3341
4782
2771
3800
2764
4681
1144
3026
4014
2800
2861
3951
3813
3894
1508
3999
2623
3065
2991
4176
4063
917
3371
2997
3187
1468
2724
3086
3825
2618
4012
4610
4572
4031
3139
3499
2517
4670
3596
4303
4621
3591
3669
2485
3906
3245
3302
3288
4354
4702
3007
4255
3342
3425
1524
2458
4180
3352
4269
3684
3430
4144
3446
3821
4790
3124
2964
3636
2966
2914
2725
2726
4731
3094
4820
3334
1
2492
4107
